250
0.718895 0.000106403 0.000106403 0.000106403 0.000106403 
0.718895 0.000106403 0.000106403 0.000106403 0.000106403 
0.718895 0.000106403 0.000106403 0.000106403 0.000106403 
0.718895 0.000106403 0.000106403 0.000106403 0.000106403 
0.718895 0.000106403 0.000106403 0.000106403 0.000106403 
0.718895 0.000106403 0.000106403 0.000106403 0.000106403 
0.718895 0.000106403 0.000106403 0.000106403 0.000106403 
0.718895 0.000106403 0.000106403 0.000106403 0.000106403 
0.718895 0.000106403 0.000106403 0.000106403 0.000106403 
0.718895 0.000106403 0.000106403 0.000106403 0.000106403 
0.718895 0.000106403 0.000106403 0.000106403 0.000106403 
0.718895 0.000106403 0.000106403 0.000106403 0.000106403 
0.718895 0.000106403 0.000106403 0.000106403 0.000106403 
0.718895 0.000106403 0.000106403 0.000106403 0.000106403 
0.718895 0.000106403 0.000106403 0.000106403 0.000106403 
0.718895 0.000106403 0.000106403 0.000106403 0.000106403 
0.718895 0.000106403 0.000106403 0.000106403 0.000106403 
0.718895 0.000106403 0.000106403 0.000106403 0.000106403 
0.718895 0.000106403 0.000106403 0.000106403 0.000106403 
0.718834 0.000106403 0.000106403 0.000106403 0.000106403 
0.718895 0.000106403 0.000106403 0.000106403 0.000106403 
0.714172 0.000106403 0.000106403 0.000106403 0.000106403 
0.718895 0.000106403 0.000106403 0.000106403 0.000106403 
0.718895 0.000106403 0.000106403 0.000106403 0.000106403 
0.718895 0.000106403 0.000106403 0.000106403 0.000106403 
0.718895 0.000106403 0.000106403 0.000106403 0.000106403 
0.718895 0.000106403 0.000106403 0.000106403 0.000106403 
0.718895 0.000106403 0.000106403 0.000106403 0.000106403 
0.718895 0.000106403 0.000106403 0.000106403 0.000106403 
0.718895 0.000106403 0.000106403 0.000106403 0.000106403 
0.717367 0.000106403 0.000106403 0.000106403 0.000106403 
0.718895 0.000106403 0.000106403 0.000106403 0.000106403 
0.718895 0.000106403 0.000106403 0.000106403 0.000106403 
0.688473 0.000106966 0.000148807 0.00458003 0.000148807 
0.718895 0.000106403 0.000106403 0.000106403 0.000106403 
0.718895 0.000106403 0.000106403 0.000106403 0.000106403 
0.718895 0.000106403 0.000106403 0.000106403 0.000106403 
0.718895 0.000106403 0.000106403 0.000106403 0.000106403 
0.718894 0.000106403 0.000106403 0.000106403 0.000106403 
0.718895 0.000106403 0.000106403 0.000106403 0.000106403 
0.718895 0.000106403 0.000106403 0.000106403 0.000106403 
0.718895 0.000106403 0.000106403 0.000106403 0.000106403 
0.718895 0.000106403 0.000106403 0.000106403 0.000106403 
0.718895 0.000106403 0.000106403 0.000106403 0.000106403 
0.718895 0.000106403 0.000106403 0.000106403 0.000106403 
0.718895 0.000106403 0.000106403 0.000106403 0.000106403 
0.718895 0.000106403 0.000106403 0.000106403 0.000106403 
0.718895 0.000106403 0.000106403 0.000106403 0.000106403 
0.718895 0.000106403 0.000106403 0.000106403 0.000106403 
0.718626 0.000106403 0.000106403 0.000106403 0.000106403 
0.718895 0.000106403 0.000106403 0.000106403 0.000106403 
0.718895 0.000106403 0.000106403 0.000106403 0.000106403 
0.717721 0.000106403 0.000106403 0.000106403 0.000106403 
0.718895 0.000106403 0.000106403 0.000106403 0.000106403 
0.718895 0.000106403 0.000106403 0.000106403 0.000106403 
0.718895 0.000106403 0.000106403 0.000106403 0.000106403 
0.718895 0.000106403 0.000106403 0.000106403 0.000106403 
0.718895 0.000106403 0.000106403 0.000106403 0.000106403 
0.718895 0.000106403 0.000106403 0.000106403 0.000106403 
0.718895 0.000106403 0.000106403 0.000106403 0.000106403 
0.718895 0.000106403 0.000106403 0.000106403 0.000106403 
0.718895 0.000106403 0.000106403 0.000106403 0.000106403 
0.718895 0.000106403 0.000106403 0.000106403 0.000106403 
0.718895 0.000106403 0.000106403 0.000106403 0.000106403 
0.718895 0.000106403 0.000106403 0.000106403 0.000106403 
0.718895 0.000106403 0.000106403 0.000106403 0.000106403 
0.718895 0.000106403 0.000106403 0.000106403 0.000106403 
0.718895 0.000106403 0.000106403 0.000106403 0.000106403 
0.718895 0.000106403 0.000106403 0.000106403 0.000106403 
0.718895 0.000106403 0.000106403 0.000106403 0.000106403 
0.718895 0.000106403 0.000106403 0.000106403 0.000106403 
0.718895 0.000106403 0.000106403 0.000106403 0.000106403 
0.718895 0.000106403 0.000106403 0.000106403 0.000106403 
0.718895 0.000106403 0.000106403 0.000106403 0.000106403 
0.718895 0.000106403 0.000106403 0.000106403 0.000106403 
0.692455 0.00106139 0.000264248 0.00106139 0.0113952 
0.718895 0.000106403 0.000106403 0.000106403 0.000106403 
0.718895 0.000106403 0.000106403 0.000106403 0.000106403 
0.718895 0.000106403 0.000106403 0.000106403 0.000106403 
0.718895 0.000106403 0.000106403 0.000106403 0.000106403 
0.718895 0.000106403 0.000106403 0.000106403 0.000106403 
0.718895 0.000106403 0.000106403 0.000106403 0.000106403 
0.718895 0.000106403 0.000106403 0.000106403 0.000106403 
0.718895 0.000106403 0.000106403 0.000106403 0.000106403 
0.718854 0.000106403 0.000106403 0.000106403 0.000106403 
0.718895 0.000106403 0.000106403 0.000106403 0.000106403 
0.718895 0.000106403 0.000106403 0.000106403 0.000106403 
0.718895 0.000106403 0.000106403 0.000106403 0.000106403 
0.718895 0.000106403 0.000106403 0.000106403 0.000106403 
0.718895 0.000106403 0.000106403 0.000106403 0.000106403 
0.718895 0.000106403 0.000106403 0.000106403 0.000106403 
0.718895 0.000106403 0.000106403 0.000106403 0.000106403 
0.718895 0.000106403 0.000106403 0.000106403 0.000106403 
0.718895 0.000106403 0.000106403 0.000106403 0.000106403 
0.718895 0.000106403 0.000106403 0.000106403 0.000106403 
0.718895 0.000106403 0.000106403 0.000106403 0.000106403 
0.718895 0.000106403 0.000106403 0.000106403 0.000106403 
0.718895 0.000106403 0.000106403 0.000106403 0.000106403 
0.718895 0.000106403 0.000106403 0.000106403 0.000106403 
0.718895 0.000106403 0.000106403 0.000106403 0.000106403 
0.718895 0.000106403 0.000106403 0.000106403 0.000106403 
0.718895 0.000106403 0.000106403 0.000106403 0.000106403 
0.718895 0.000106403 0.000106403 0.000106403 0.000106403 
0.718895 0.000106403 0.000106403 0.000106403 0.000106403 
0.718895 0.000106403 0.000106403 0.000106403 0.000106403 
0.718895 0.000106403 0.000106403 0.000106403 0.000106403 
0.718895 0.000106403 0.000106403 0.000106403 0.000106403 
0.718895 0.000106403 0.000106403 0.000106403 0.000106403 
0.718895 0.000106403 0.000106403 0.000106403 0.000106403 
0.718895 0.000106403 0.000106403 0.000106403 0.000106403 
0.718895 0.000106403 0.000106403 0.000106403 0.000106403 
0.718895 0.000106403 0.000106403 0.000106403 0.000106403 
0.718895 0.000106403 0.000106403 0.000106403 0.000106403 
0.718895 0.000106403 0.000106403 0.000106403 0.000106403 
0.718895 0.000106403 0.000106403 0.000106403 0.000106403 
0.718895 0.000106403 0.000106403 0.000106403 0.000106403 
0.718895 0.000106403 0.000106403 0.000106403 0.000106403 
0.715869 0.000106403 0.000106403 0.000106403 0.000106403 
0.567487 0.0269746 0.00237766 0.000482232 0.00237766 
0.718895 0.000106403 0.000106403 0.000106403 0.000106403 
0.718895 0.000106403 0.000106403 0.000106403 0.000106403 
0.718895 0.000106403 0.000106403 0.000106403 0.000106403 
0.718895 0.000106403 0.000106403 0.000106403 0.000106403 
0.718895 0.000106403 0.000106403 0.000106403 0.000106403 
0.718895 0.000106403 0.000106403 0.000106403 0.000106403 
0.718895 0.000106403 0.000106403 0.000106403 0.000106403 
0.718895 0.000106403 0.000106403 0.000106403 0.000106403 
0.718895 0.000106403 0.000106403 0.000106403 0.000106403 
0.718895 0.000106403 0.000106403 0.000106403 0.000106403 
0.718895 0.000106403 0.000106403 0.000106403 0.000106403 
0.718895 0.000106403 0.000106403 0.000106403 0.000106403 
0.718895 0.000106403 0.000106403 0.000106403 0.000106403 
0.718895 0.000106403 0.000106403 0.000106403 0.000106403 
0.718895 0.000106403 0.000106403 0.000106403 0.000106403 
0.718895 0.000106403 0.000106403 0.000106403 0.000106403 
0.718895 0.000106403 0.000106403 0.000106403 0.000106403 
0.718895 0.000106403 0.000106403 0.000106403 0.000106403 
0.718895 0.000106403 0.000106403 0.000106403 0.000106403 
0.670292 0.000106403 0.000106403 0.000106403 0.000106403 
0.718895 0.000106403 0.000106403 0.000106403 0.000106403 
0.718895 0.000106403 0.000106403 0.000106403 0.000106403 
0.718895 0.000106403 0.000106403 0.000106403 0.000106403 
0.718895 0.000106403 0.000106403 0.000106403 0.000106403 
0.718895 0.000106403 0.000106403 0.000106403 0.000106403 
0.718895 0.000106403 0.000106403 0.000106403 0.000106403 
0.718895 0.000106403 0.000106403 0.000106403 0.000106403 
0.718895 0.000106403 0.000106403 0.000106403 0.000106403 
0.718895 0.000106403 0.000106403 0.000106403 0.000106403 
0.718895 0.000106403 0.000106403 0.000106403 0.000106403 
0.718895 0.000106403 0.000106403 0.000106403 0.000106403 
0.717726 0.000106422 0.000106419 0.000106417 0.000106419 
0.718895 0.000106403 0.000106403 0.000106403 0.000106403 
0.718895 0.000106403 0.000106403 0.000106403 0.000106403 
0.718895 0.000106403 0.000106403 0.000106403 0.000106403 
0.718895 0.000106403 0.000106403 0.000106403 0.000106403 
0.718895 0.000106403 0.000106403 0.000106403 0.000106403 
0.718895 0.000106403 0.000106403 0.000106403 0.000106403 
0.718895 0.000106403 0.000106403 0.000106403 0.000106403 
0.718895 0.000106403 0.000106403 0.000106403 0.000106403 
0.718895 0.000106403 0.000106403 0.000106403 0.000106403 
0.718895 0.000106403 0.000106403 0.000106403 0.000106403 
0.718895 0.000106403 0.000106403 0.000106403 0.000106403 
0.718895 0.000106403 0.000106403 0.000106403 0.000106403 
0.718895 0.000106403 0.000106403 0.000106403 0.000106403 
0.718895 0.000106403 0.000106403 0.000106403 0.000106403 
0.718895 0.000106403 0.000106403 0.000106403 0.000106403 
0.718895 0.000106403 0.000106403 0.000106403 0.000106403 
0.718895 0.000106403 0.000106403 0.000106403 0.000106403 
0.718895 0.000106403 0.000106403 0.000106403 0.000106403 
0.718895 0.000106403 0.000106403 0.000106403 0.000106403 
0.718895 0.000106403 0.000106403 0.000106403 0.000106403 
0.718895 0.000106403 0.000106403 0.000106403 0.000106403 
0.718895 0.000106403 0.000106403 0.000106403 0.000106403 
0.718895 0.000106403 0.000106403 0.000106403 0.000106403 
0.718895 0.000106403 0.000106403 0.000106403 0.000106403 
0.718895 0.000106403 0.000106403 0.000106403 0.000106403 
0.718895 0.000106403 0.000106403 0.000106403 0.000106403 
0.718895 0.000106403 0.000106403 0.000106403 0.000106403 
0.718895 0.000106403 0.000106403 0.000106403 0.000106403 
0.718895 0.000106403 0.000106403 0.000106403 0.000106403 
0.718895 0.000106403 0.000106403 0.000106403 0.000106403 
0.718622 0.000106403 0.000106403 0.000106403 0.000106403 
0.718895 0.000106403 0.000106403 0.000106403 0.000106403 
0.718895 0.000106403 0.000106403 0.000106403 0.000106403 
0.718895 0.000106403 0.000106403 0.000106403 0.000106403 
0.718895 0.000106403 0.000106403 0.000106403 0.000106403 
0.718895 0.000106403 0.000106403 0.000106403 0.000106403 
0.718895 0.000106403 0.000106403 0.000106403 0.000106403 
0.718895 0.000106403 0.000106403 0.000106403 0.000106403 
0.718895 0.000106403 0.000106403 0.000106403 0.000106403 
0.718893 0.000106403 0.000106403 0.000106403 0.000106403 
0.718895 0.000106403 0.000106403 0.000106403 0.000106403 
0.718895 0.000106403 0.000106403 0.000106403 0.000106403 
0.718895 0.000106403 0.000106403 0.000106403 0.000106403 
0.718895 0.000106403 0.000106403 0.000106403 0.000106403 
0.718895 0.000106403 0.000106403 0.000106403 0.000106403 
0.718895 0.000106403 0.000106403 0.000106403 0.000106403 
0.718895 0.000106403 0.000106403 0.000106403 0.000106403 
0.718895 0.000106403 0.000106403 0.000106403 0.000106403 
0.718895 0.000106403 0.000106403 0.000106403 0.000106403 
0.718895 0.000106403 0.000106403 0.000106403 0.000106403 
0.718895 0.000106403 0.000106403 0.000106403 0.000106403 
0.718895 0.000106403 0.000106403 0.000106403 0.000106403 
0.718895 0.000106403 0.000106403 0.000106403 0.000106403 
0.718895 0.000106403 0.000106403 0.000106403 0.000106403 
0.718895 0.000106403 0.000106403 0.000106403 0.000106403 
0.718895 0.000106403 0.000106403 0.000106403 0.000106403 
0.718895 0.000106403 0.000106403 0.000106403 0.000106403 
0.718895 0.000106403 0.000106403 0.000106403 0.000106403 
0.718895 0.000106403 0.000106403 0.000106403 0.000106403 
0.718895 0.000106403 0.000106403 0.000106403 0.000106403 
0.718895 0.000106403 0.000106403 0.000106403 0.000106403 
0.718895 0.000106403 0.000106403 0.000106403 0.000106403 
0.718895 0.000106403 0.000106403 0.000106403 0.000106403 
0.718895 0.000106403 0.000106403 0.000106403 0.000106403 
0.718895 0.000106403 0.000106403 0.000106403 0.000106403 
0.718895 0.000106403 0.000106403 0.000106403 0.000106403 
0.718895 0.000106403 0.000106403 0.000106403 0.000106403 
0.718895 0.000106403 0.000106403 0.000106403 0.000106403 
0.718895 0.000106403 0.000106403 0.000106403 0.000106403 
0.718856 0.000106403 0.000106403 0.000106403 0.000106403 
0.718859 0.000106403 0.000106403 0.000106403 0.000106403 
0.718895 0.000106403 0.000106403 0.000106403 0.000106403 
0.718895 0.000106403 0.000106403 0.000106403 0.000106403 
0.718895 0.000106403 0.000106403 0.000106403 0.000106403 
0.718895 0.000106403 0.000106403 0.000106403 0.000106403 
0.718895 0.000106403 0.000106403 0.000106403 0.000106403 
0.718895 0.000106403 0.000106403 0.000106403 0.000106403 
0.718895 0.000106403 0.000106403 0.000106403 0.000106403 
0.718895 0.000106403 0.000106403 0.000106403 0.000106403 
0.718895 0.000106403 0.000106403 0.000106403 0.000106403 
0.718895 0.000106403 0.000106403 0.000106403 0.000106403 
0.718895 0.000106403 0.000106403 0.000106403 0.000106403 
0.718895 0.000106403 0.000106403 0.000106403 0.000106403 
0.718895 0.000106403 0.000106403 0.000106403 0.000106403 
0.718895 0.000106403 0.000106403 0.000106403 0.000106403 
0.718895 0.000106403 0.000106403 0.000106403 0.000106403 
0.718895 0.000106403 0.000106403 0.000106403 0.000106403 
0.718895 0.000106403 0.000106403 0.000106403 0.000106403 
0.718895 0.000106403 0.000106403 0.000106403 0.000106403 
0.718895 0.000106403 0.000106403 0.000106403 0.000106403 
0.718895 0.000106403 0.000106403 0.000106403 0.000106403 
0.718895 0.000106403 0.000106403 0.000106403 0.000106403 
0.718895 0.000106403 0.000106403 0.000106403 0.000106403 
0.718895 0.000106403 0.000106403 0.000106403 0.000106403 
0.718895 0.000106403 0.000106403 0.000106403 0.000106403 
0.718895 0.000106403 0.000106403 0.000106403 0.000106403 
0.718895 0.000106403 0.000106403 0.000106403 0.000106403 
0.718895 0.000106403 0.000106403 0.000106403 0.000106403 
0.718895 0.000106403 0.000106403 0.000106403 0.000106403 
