-0.9312538157e+02
0.3933021078e-03
0.9975638836e+00
0.9980955472e+00
0.1021260843e+02
0.1321357803e+03
0.1512477049e-03
0.9233000789e+00
0.1815188224e-03
0.1332604016e+00
0.9835475142e+00
0.9564098439e+00
0.2224635345e-01
0.1940461195e-03
0.7522616374e-06
0.1093613710e-08
0.1519152573e-01
0.4532286614e-02
0.6848750562e-03
0.5447664777e-04
0.1302362678e-05
0.7339145165e+00
0.8778095415e-01
0.3937231029e-02
0.7849641354e-04
0.5895631612e-06
0.1602805368e+00
0.8553351710e-02
0.3305099259e-02
0.1245224945e-02
0.7752249836e-03
0.7427656597e+01
0.9995678466e+00
0.3607934381e-03
0.6344450153e-04
0.6930496401e-05
0.9849491952e-06
